0 977
12 12
16.5 1
18 33
19.5 6
21 4
22.5 4
24 77
25.5 10
27 16
28.5 14
30 172
31.5 29
33 31
34.5 44
36 283
37.5 102
39 91
40.5 112
42 396
43.5 167
45 190
46.5 198
48 562
49.5 281
51 254
52.5 309
54 642
55.5 346
57 384
58.5 364
60 669
61.5 391
63 408
64.5 371
66 631
67.5 398
69 404
70.5 325
72 552
73.5 328
75 319
76.5 314
78 355
79.5 283
81 307
82.5 286
84 319
85.5 252
87 233
88.5 177
90 252
91.5 191
93 209
94.5 203
96 192
97.5 121
99 185
100.5 162
102 138
103.5 166
105 157
106.5 80
108 162
109.5 132
111 57
112.5 99
114 131
115.5 46
117 88
118.5 93
120 46
121.5 46
123 71
124.5 18
126 75
127.5 62
129 8
130.5 36
132 57
133.5 8
135 23
136.5 39
138 15
139.5 12
141 22
144 15
145.5 13
150 17
